2 0
2 1
197 2
5 3
5 4
197 5
8 6
8 7
197 8
10 9
196 10
196 11
13 12
15 13
15 14
16 15
24 16
20 17
20 18
20 19
22 20
22 21
23 22
24 23
196 24
28 25
28 26
28 27
39 28
30 29
31 30
38 31
33 32
34 33
38 34
36 35
37 36
38 37
39 38
40 39
41 40
195 41
45 42
45 43
45 44
46 45
48 46
48 47
49 48
195 49
53 50
53 51
53 52
54 53
78 54
78 55
67 56
67 57
66 58
62 59
62 60
62 61
63 62
64 63
65 64
66 65
67 66
75 67
69 68
70 69
74 70
72 71
73 72
74 73
75 74
76 75
77 76
78 77
79 78
195 79
83 80
83 81
83 82
84 83
90 84
90 85
87 86
88 87
89 88
90 89
91 90
195 91
93 92
98 93
98 94
96 95
97 96
98 97
99 98
195 99
103 100
103 101
103 102
104 103
106 104
106 105
107 106
195 107
111 108
111 109
111 110
113 111
113 112
114 113
115 114
191 115
119 116
119 117
119 118
120 119
122 120
122 121
123 122
190 123
130 124
130 125
130 126
130 127
130 128
130 129
131 130
190 131
135 132
135 133
135 134
143 135
143 136
140 137
140 138
140 139
142 140
142 141
143 142
144 143
190 144
160 145
147 146
148 147
159 148
154 149
154 150
154 151
154 152
154 153
156 154
156 155
157 156
158 157
159 158
160 159
161 160
162 161
190 162
166 163
166 164
166 165
171 166
168 167
169 168
170 169
171 170
172 171
173 172
190 173
177 174
177 175
177 176
179 177
179 178
180 179
181 180
190 181
185 182
185 183
185 184
187 185
187 186
188 187
189 188
190 189
191 190
195 191
193 192
194 193
195 194
196 195
197 196
348 2
200 198
200 199
348 200
203 201
203 202
348 203
347 10
347 204
347 24
208 205
208 206
208 207
210 208
209 31
209 34
210 209
211 210
212 211
346 212
214 213
226 214
226 215
221 216
221 217
221 218
221 219
221 220
223 221
222 37
223 222
224 223
225 224
226 225
227 226
346 227
229 228
252 229
252 230
244 231
244 232
243 233
239 234
239 235
239 236
239 237
239 238
240 239
241 240
242 241
243 242
244 243
249 244
248 70
246 245
247 246
248 247
249 248
250 249
251 250
252 251
253 252
346 253
257 254
257 255
257 256
258 257
260 258
260 259
260 89
261 260
346 261
346 99
263 262
283 263
283 264
278 265
278 266
277 267
273 268
273 269
273 270
273 271
273 272
274 273
275 274
276 275
277 276
278 277
280 278
280 279
281 280
282 281
283 282
284 283
346 284
288 285
288 286
288 287
290 288
290 289
291 290
292 291
345 292
344 123
344 131
296 293
296 294
296 295
298 296
298 297
298 142
299 298
344 299
323 300
304 301
304 302
304 303
306 304
306 305
307 306
308 307
322 308
310 309
311 310
322 311
317 312
317 313
317 314
317 315
317 316
319 317
319 318
320 319
321 320
322 321
323 322
324 323
325 324
344 325
329 326
329 327
329 328
330 329
330 170
331 330
332 331
344 332
336 333
336 334
336 335
341 336
338 337
339 338
340 339
341 340
342 341
343 342
344 343
344 189
345 344
346 345
346 194
347 346
348 347
