0 0
1 1
2 2
9 9
10 10
12 12
13 13
14 14
15 15
16 16
17 17
18 18
19 19
20 20
21 21
22 22
23 23
24 24
29 29
30 30
31 31
32 32
33 33
34 34
35 48
36 49
37 50
68 74
69 75
70 76
86 92
87 93
88 94
89 95
92 98
93 99
94 100
95 101
96 102
97 103
98 104
99 105
116 137
117 138
118 139
119 140
120 141
121 142
122 143
123 144
124 145
125 146
126 147
127 148
128 149
129 150
130 151
131 152
137 158
138 159
139 160
140 161
141 162
142 163
167 196
168 197
169 198
170 199
182 214
183 215
184 216
185 217
186 218
187 219
188 220
189 221
192 224
193 225
194 226
