SCORE:
0.6520
2.1091
2.8660
3.3400
3.5358
SCORE:
0.0001
11.5533
11.8988
12.2921
15.2423
SCORE:
0.0001
10.5240
11.0079
11.7748
11.9320
SCORE:
0.0001
11.7609
12.3783
12.6921
12.6979
SCORE:
0.0001
12.0713
12.2789
12.5636
12.5989
SCORE:
0.0323
3.7455
6.8887
9.2823
9.3245
SCORE:
0.0000
13.2994
13.6828
13.6893
16.8642
SCORE:
0.0001
10.4222
11.3339
12.2451
12.9207
SCORE:
0.0172
5.1892
7.5828
7.7528
8.0794
SCORE:
2.8970
3.0729
3.0729
3.0729
3.3669
SCORE:
2.1267
2.4262
2.5803
2.6509
2.9587
SCORE:
0.2650
1.7419
3.5715
4.7806
5.2443
SCORE:
1.1594
3.5504
3.9352
4.3300
5.3189
SCORE:
0.0001
10.6411
11.1378
11.6129
12.5403
SCORE:
1.1503
1.6932
3.6522
4.2021
4.7887
